0
294
0
205
0
159
0
140
0
288
0
182
0
242
0
80
0
97
0
32
0
21
0
45
0
241
0
203
0
290
0
83
0
171
0
84
0
231
0
50
0
296
1
216
1
97
1
259
1
28
1
177
1
228
1
108
1
198
1
264
1
229
1
173
1
217
2
46
2
70
2
166
2
290
2
167
2
100
2
10
2
62
2
47
2
198
2
261
2
152
2
225
2
38
2
134
2
264
2
265
2
296
2
26
2
240
2
91
2
263
2
247
2
41
3
116
3
213
3
151
3
30
3
205
3
216
3
152
3
28
3
27
3
263
3
189
3
175
3
57
3
111
3
211
3
150
3
268
3
20
3
259
3
116
4
66
4
122
4
64
4
281
4
41
4
34
4
149
4
44
4
155
4
94
4
71
4
274
4
53
4
45
4
296
5
248
5
30
5
112
5
193
5
279
5
243
5
200
5
24
5
280
5
16
5
210
5
270
5
286
5
32
5
9
6
181
6
152
6
184
6
295
6
148
6
244
6
91
6
131
6
43
6
264
6
298
6
186
6
275
6
218
6
20
6
146
6
2
6
251
6
271
7
174
7
175
7
24
7
152
7
294
7
42
7
162
7
251
7
260
7
279
7
116
7
75
7
237
8
252
8
108
8
276
8
16
8
135
8
155
8
62
8
201
8
264
8
169
8
28
8
24
8
38
8
236
8
285
8
183
8
152
8
241
8
91
9
138
9
235
9
144
9
41
9
71
9
222
9
30
9
207
9
250
9
148
9
64
9
61
9
295
9
128
9
289
9
3
9
191
9
165
9
277
9
36
9
224
9
207
9
248
10
135
10
296
10
182
10
249
10
42
10
119
10
32
10
73
10
62
10
255
10
113
10
52
10
3
10
243
10
297
10
11
10
47
10
19
10
160
10
160
